{
  "advancedEditorSelectedIdentifier" : "ShaderGraphEditorPluginID",
  "openSceneRelativePaths" : [
    "Scene.usda"
  ],
  "recentIdentifiers" : {
    "26DBAE76-5DD8-47B6-A085-1B4ADA111097" : [

    ]
  },
  "sceneCameraHistory" : {
    "26DBAE76-5DD8-47B6-A085-1B4ADA111097" : [
      {
        "date" : 748980713.43074,
        "title" : "Untitled",
        "transform" : [
          0.9998862,
          1.3865319e-08,
          0.015088294,
          0,
          0.005291691,
          0.9364805,
          -0.35067955,
          0,
          -0.014129915,
          0.35071945,
          0.93637395,
          0,
          0.009178668,
          0.75026834,
          0.3310758,
          1
        ]
      },
      {
        "date" : 748980681.105304,
        "title" : "Untitled",
        "transform" : [
          0.96221143,
          1.3955002e-08,
          -0.27230355,
          0,
          -0.06133577,
          0.9743015,
          -0.21673574,
          0,
          0.26530576,
          0.22524753,
          0.9374841,
          0,
          0.23583621,
          0.64181626,
          0.21857655,
          1
        ]
      },
      {
        "date" : 748980676.574622,
        "title" : "Untitled",
        "transform" : [
          0.9707317,
          8.638973e-09,
          0.24016672,
          0,
          -0.0076575084,
          0.9994916,
          0.030950682,
          0,
          -0.24004461,
          -0.031883895,
          0.97023815,
          0,
          -0.14150432,
          0.45016465,
          0.20207919,
          1
        ]
      },
      {
        "date" : 748980670.205238,
        "title" : "Untitled",
        "transform" : [
          0.97073156,
          8.638972e-09,
          0.2401667,
          0,
          -0.0076575084,
          0.9994916,
          0.030950682,
          0,
          -0.24004461,
          -0.031883895,
          0.97023815,
          0,
          -0.34609616,
          0.5949862,
          0.855711,
          1
        ]
      },
      {
        "date" : 748980665.235394,
        "title" : "Untitled",
        "transform" : [
          0.9848613,
          9.2454455e-10,
          0.17334427,
          0,
          0.14677209,
          0.53205675,
          -0.8338906,
          0,
          -0.09222899,
          0.8467087,
          0.52400213,
          0,
          -0.0023074672,
          0.8051175,
          -0.36045092,
          1
        ]
      },
      {
        "date" : 748980662.842038,
        "title" : "Untitled",
        "transform" : [
          0.9848613,
          9.2454455e-10,
          0.17334427,
          0,
          0.14677209,
          0.53205675,
          -0.8338906,
          0,
          -0.09222899,
          0.8467087,
          0.52400213,
          0,
          0.0004768446,
          0.8152105,
          -0.37626973,
          1
        ]
      },
      {
        "date" : 748980657.710139,
        "title" : "Untitled",
        "transform" : [
          0.9848613,
          9.2454455e-10,
          0.17334427,
          0,
          0.14677209,
          0.53205675,
          -0.8338906,
          0,
          -0.09222899,
          0.8467087,
          0.52400213,
          0,
          0.00011587143,
          0.80278623,
          -0.35625744,
          1
        ]
      },
      {
        "date" : 748980646.976775,
        "title" : "Untitled",
        "transform" : [
          0.9848613,
          9.2454455e-10,
          0.17334427,
          0,
          0.14677209,
          0.53205675,
          -0.8338906,
          0,
          -0.09222899,
          0.8467087,
          0.52400213,
          0,
          -0.016825557,
          0.8260962,
          -0.3969046,
          1
        ]
      },
      {
        "date" : 748980641.776149,
        "title" : "Untitled",
        "transform" : [
          0.9848613,
          9.2454455e-10,
          0.17334427,
          0,
          0.14677209,
          0.53205675,
          -0.8338906,
          0,
          -0.09222899,
          0.8467087,
          0.52400213,
          0,
          -0.017843798,
          0.8267426,
          -0.39812833,
          1
        ]
      },
      {
        "date" : 748980640.237581,
        "title" : "Untitled",
        "transform" : [
          0.9848612,
          9.2454444e-10,
          0.17334425,
          0,
          0.14677209,
          0.53205675,
          -0.8338906,
          0,
          -0.09222899,
          0.8467087,
          0.52400213,
          0,
          -0.01654325,
          0.82830733,
          -0.40042782,
          1
        ]
      }
    ]
  },
  "sceneViewportBackgroundColors" : {

  }
}